; FBX 7.7.0 project file
; ----------------------------------------------------

FBXHeaderExtension:  {
	FBXHeaderVersion: 1004
	FBXVersion: 7700
	CreationTimeStamp:  {
		Version: 1000
		Year: 2024
		Month: 6
		Day: 4
		Hour: 7
		Minute: 10
		Second: 14
		Millisecond: 7
	}
	Creator: "FBX SDK/FBX Plugins version 2020.3.4"
	OtherFlags:  {
		TCDefinition: 127
	}
	SceneInfo: "SceneInfo::GlobalInfo", "UserData" {
		Type: "UserData"
		Version: 100
		MetaData:  {
			Version: 100
			Title: ""
			Subject: ""
			Author: ""
			Keywords: ""
			Revision: ""
			Comment: ""
		}
		Properties70:  {
			P: "DocumentUrl", "KString", "Url", "", "C:\Users\USER\Desktop\20B\애니메이션\NPC\Doctor_Idle_Pose.fbx"
			P: "SrcDocumentUrl", "KString", "Url", "", "C:\Users\USER\Desktop\20B\애니메이션\NPC\Doctor_Idle_Pose.fbx"
			P: "Original", "Compound", "", ""
			P: "Original|ApplicationVendor", "KString", "", "", "Autodesk"
			P: "Original|ApplicationName", "KString", "", "", "3ds Max"
			P: "Original|ApplicationVersion", "KString", "", "", "2023"
			P: "Original|DateTime_GMT", "DateTime", "", "", "03/06/2024 22:10:14.007"
			P: "Original|FileName", "KString", "", "", "C:\Users\USER\Desktop\20B\애니메이션\NPC\Doctor_Idle_Pose.fbx"
			P: "LastSaved", "Compound", "", ""
			P: "LastSaved|ApplicationVendor", "KString", "", "", "Autodesk"
			P: "LastSaved|ApplicationName", "KString", "", "", "3ds Max"
			P: "LastSaved|ApplicationVersion", "KString", "", "", "2023"
			P: "LastSaved|DateTime_GMT", "DateTime", "", "", "03/06/2024 22:10:14.007"
			P: "Original|ApplicationActiveProject", "KString", "", "", "C:\Users\USER\Documents\3ds Max 2023"
			P: "Original|ApplicationNativeFile", "KString", "", "", "C:\Users\USER\Desktop\20B\리깅파일\Npc\Npc_Doctor_Rig.max"
		}
	}
}
GlobalSettings:  {
	Version: 1000
	Properties70:  {
		P: "UpAxis", "int", "Integer", "",1
		P: "UpAxisSign", "int", "Integer", "",1
		P: "FrontAxis", "int", "Integer", "",2
		P: "FrontAxisSign", "int", "Integer", "",1
		P: "CoordAxis", "int", "Integer", "",0
		P: "CoordAxisSign", "int", "Integer", "",1
		P: "OriginalUpAxis", "int", "Integer", "",2
		P: "OriginalUpAxisSign", "int", "Integer", "",1
		P: "UnitScaleFactor", "double", "Number", "",1
		P: "OriginalUnitScaleFactor", "double", "Number", "",1
		P: "AmbientColor", "ColorRGB", "Color", "",0,0,0
		P: "DefaultCamera", "KString", "", "", "Producer Front"
		P: "TimeMode", "enum", "", "",6
		P: "TimeProtocol", "enum", "", "",2
		P: "SnapOnFrameMode", "enum", "", "",0
		P: "TimeSpanStart", "KTime", "Time", "",0
		P: "TimeSpanStop", "KTime", "Time", "",153953860000
		P: "CustomFrameRate", "double", "Number", "",-1
		P: "TimeMarker", "Compound", "", ""
		P: "CurrentTimeMarker", "int", "Integer", "",-1
	}
}

; Documents Description
;------------------------------------------------------------------

Documents:  {
	Count: 1
	Document: 1969797564144, "", "Scene" {
		Properties70:  {
			P: "SourceObject", "object", "", ""
			P: "ActiveAnimStackName", "KString", "", "", ""
		}
		RootNode: 0
	}
}

; Document References
;------------------------------------------------------------------

References:  {
}

; Object definitions
;------------------------------------------------------------------

Definitions:  {
	Version: 100
	Count: 435
	ObjectType: "GlobalSettings" {
		Count: 1
	}
	ObjectType: "AnimationStack" {
		Count: 1
		PropertyTemplate: "FbxAnimStack" {
			Properties70:  {
				P: "Description", "KString", "", "", ""
				P: "LocalStart", "KTime", "Time", "",0
				P: "LocalStop", "KTime", "Time", "",0
				P: "ReferenceStart", "KTime", "Time", "",0
				P: "ReferenceStop", "KTime", "Time", "",0
			}
		}
	}
	ObjectType: "AnimationLayer" {
		Count: 1
		PropertyTemplate: "FbxAnimLayer" {
			Properties70:  {
				P: "Weight", "Number", "", "A",100
				P: "Mute", "bool", "", "",0
				P: "Solo", "bool", "", "",0
				P: "Lock", "bool", "", "",0
				P: "Color", "ColorRGB", "Color", "",0.8,0.8,0.8
				P: "BlendMode", "enum", "", "",0
				P: "RotationAccumulationMode", "enum", "", "",0
				P: "ScaleAccumulationMode", "enum", "", "",0
				P: "BlendModeBypass", "ULongLong", "", "",0
			}
		}
	}
	ObjectType: "Model" {
		Count: 31
		PropertyTemplate: "FbxNode" {
			Properties70:  {
				P: "QuaternionInterpolate", "enum", "", "",0
				P: "RotationOffset", "Vector3D", "Vector", "",0,0,0
				P: "RotationPivot", "Vector3D", "Vector", "",0,0,0
				P: "ScalingOffset", "Vector3D", "Vector", "",0,0,0
				P: "ScalingPivot", "Vector3D", "Vector", "",0,0,0
				P: "TranslationActive", "bool", "", "",0
				P: "TranslationMin", "Vector3D", "Vector", "",0,0,0
				P: "TranslationMax", "Vector3D", "Vector", "",0,0,0
				P: "TranslationMinX", "bool", "", "",0
				P: "TranslationMinY", "bool", "", "",0
				P: "TranslationMinZ", "bool", "", "",0
				P: "TranslationMaxX", "bool", "", "",0
				P: "TranslationMaxY", "bool", "", "",0
				P: "TranslationMaxZ", "bool", "", "",0
				P: "RotationOrder", "enum", "", "",0
				P: "RotationSpaceForLimitOnly", "bool", "", "",0
				P: "RotationStiffnessX", "double", "Number", "",0
				P: "RotationStiffnessY", "double", "Number", "",0
				P: "RotationStiffnessZ", "double", "Number", "",0
				P: "AxisLen", "double", "Number", "",10
				P: "PreRotation", "Vector3D", "Vector", "",0,0,0
				P: "PostRotation", "Vector3D", "Vector", "",0,0,0
				P: "RotationActive", "bool", "", "",0
				P: "RotationMin", "Vector3D", "Vector", "",0,0,0
				P: "RotationMax", "Vector3D", "Vector", "",0,0,0
				P: "RotationMinX", "bool", "", "",0
				P: "RotationMinY", "bool", "", "",0
				P: "RotationMinZ", "bool", "", "",0
				P: "RotationMaxX", "bool", "", "",0
				P: "RotationMaxY", "bool", "", "",0
				P: "RotationMaxZ", "bool", "", "",0
				P: "InheritType", "enum", "", "",0
				P: "ScalingActive", "bool", "", "",0
				P: "ScalingMin", "Vector3D", "Vector", "",0,0,0
				P: "ScalingMax", "Vector3D", "Vector", "",1,1,1
				P: "ScalingMinX", "bool", "", "",0
				P: "ScalingMinY", "bool", "", "",0
				P: "ScalingMinZ", "bool", "", "",0
				P: "ScalingMaxX", "bool", "", "",0
				P: "ScalingMaxY", "bool", "", "",0
				P: "ScalingMaxZ", "bool", "", "",0
				P: "GeometricTranslation", "Vector3D", "Vector", "",0,0,0
				P: "GeometricRotation", "Vector3D", "Vector", "",0,0,0
				P: "GeometricScaling", "Vector3D", "Vector", "",1,1,1
				P: "MinDampRangeX", "double", "Number", "",0
				P: "MinDampRangeY", "double", "Number", "",0
				P: "MinDampRangeZ", "double", "Number", "",0
				P: "MaxDampRangeX", "double", "Number", "",0
				P: "MaxDampRangeY", "double", "Number", "",0
				P: "MaxDampRangeZ", "double", "Number", "",0
				P: "MinDampStrengthX", "double", "Number", "",0
				P: "MinDampStrengthY", "double", "Number", "",0
				P: "MinDampStrengthZ", "double", "Number", "",0
				P: "MaxDampStrengthX", "double", "Number", "",0
				P: "MaxDampStrengthY", "double", "Number", "",0
				P: "MaxDampStrengthZ", "double", "Number", "",0
				P: "PreferedAngleX", "double", "Number", "",0
				P: "PreferedAngleY", "double", "Number", "",0
				P: "PreferedAngleZ", "double", "Number", "",0
				P: "LookAtProperty", "object", "", ""
				P: "UpVectorProperty", "object", "", ""
				P: "Show", "bool", "", "",1
				P: "NegativePercentShapeSupport", "bool", "", "",1
				P: "DefaultAttributeIndex", "int", "Integer", "",-1
				P: "Freeze", "bool", "", "",0
				P: "LODBox", "bool", "", "",0
				P: "Lcl Translation", "Lcl Translation", "", "A",0,0,0
				P: "Lcl Rotation", "Lcl Rotation", "", "A",0,0,0
				P: "Lcl Scaling", "Lcl Scaling", "", "A",1,1,1
				P: "Visibility", "Visibility", "", "A",1
				P: "Visibility Inheritance", "Visibility Inheritance", "", "",1
			}
		}
	}
	ObjectType: "NodeAttribute" {
		Count: 27
		PropertyTemplate: "FbxSkeleton" {
			Properties70:  {
				P: "Color", "ColorRGB", "Color", "",0.8,0.8,0.8
				P: "Size", "double", "Number", "",100
				P: "LimbLength", "double", "Number", "H",1
			}
		}
	}
	ObjectType: "Geometry" {
		Count: 3
		PropertyTemplate: "FbxMesh" {
			Properties70:  {
				P: "Color", "ColorRGB", "Color", "",0.8,0.8,0.8
				P: "BBoxMin", "Vector3D", "Vector", "",0,0,0
				P: "BBoxMax", "Vector3D", "Vector", "",0,0,0
				P: "Primary Visibility", "bool", "", "",1
				P: "Casts Shadows", "bool", "", "",1
				P: "Receive Shadows", "bool", "", "",1
			}
		}
	}
	ObjectType: "Material" {
		Count: 1
		PropertyTemplate: "FbxSurfaceMaterial" {
			Properties70:  {
				P: "ShadingModel", "KString", "", "", "Unknown"
				P: "MultiLayer", "bool", "", "",0
			}
		}
	}
	ObjectType: "Texture" {
		Count: 1
		PropertyTemplate: "FbxFileTexture" {
			Properties70:  {
				P: "TextureTypeUse", "enum", "", "",0
				P: "Texture alpha", "Number", "", "A",1
				P: "CurrentMappingType", "enum", "", "",0
				P: "WrapModeU", "enum", "", "",0
				P: "WrapModeV", "enum", "", "",0
				P: "UVSwap", "bool", "", "",0
				P: "PremultiplyAlpha", "bool", "", "",1
				P: "Translation", "Vector", "", "A",0,0,0
				P: "Rotation", "Vector", "", "A",0,0,0
				P: "Scaling", "Vector", "", "A",1,1,1
				P: "TextureRotationPivot", "Vector3D", "Vector", "",0,0,0
				P: "TextureScalingPivot", "Vector3D", "Vector", "",0,0,0
				P: "CurrentTextureBlendMode", "enum", "", "",1
				P: "UVSet", "KString", "", "", "default"
				P: "UseMaterial", "bool", "", "",0
				P: "UseMipMap", "bool", "", "",0
			}
		}
	}
	ObjectType: "Implementation" {
		Count: 1
		PropertyTemplate: "FbxImplementation" {
			Properties70:  {
				P: "ShaderLanguage", "KString", "", "", "MentalRaySL"
				P: "ShaderLanguageVersion", "KString", "", "", ""
				P: "RenderAPI", "KString", "", "", "MentalRay"
				P: "RenderAPIVersion", "KString", "", "", ""
				P: "RootBindingName", "KString", "", "", ""
				P: "Constants", "Compound", "", ""
			}
		}
	}
	ObjectType: "BindingTable" {
		Count: 1
		PropertyTemplate: "FbxBindingTable" {
			Properties70:  {
				P: "TargetName", "KString", "", "", ""
				P: "TargetType", "KString", "", "", ""
				P: "CodeAbsoluteURL", "KString", "XRefUrl", "", ""
				P: "CodeRelativeURL", "KString", "XRefUrl", "", ""
				P: "CodeTAG", "KString", "", "", "shader"
				P: "DescAbsoluteURL", "KString", "XRefUrl", "", ""
				P: "DescRelativeURL", "KString", "XRefUrl", "", ""
				P: "DescTAG", "KString", "", "", "shader"
			}
		}
	}
	ObjectType: "CollectionExclusive" {
		Count: 2
		PropertyTemplate: "FbxDisplayLayer" {
			Properties70:  {
				P: "Color", "ColorRGB", "Color", "",0.8,0.8,0.8
				P: "Show", "bool", "", "",1
				P: "Freeze", "bool", "", "",0
				P: "LODBox", "bool", "", "",0
			}
		}
	}
	ObjectType: "AnimationCurve" {
		Count: 252
	}
	ObjectType: "AnimationCurveNode" {
		Count: 84
		PropertyTemplate: "FbxAnimCurveNode" {
			Properties70:  {
				P: "d", "Compound", "", ""
			}
		}
	}
	ObjectType: "Deformer" {
		Count: 27
	}
	ObjectType: "Pose" {
		Count: 1
	}
	ObjectType: "Video" {
		Count: 1
		PropertyTemplate: "FbxVideo" {
			Properties70:  {
				P: "Path", "KString", "XRefUrl", "", ""
				P: "RelPath", "KString", "XRefUrl", "", ""
				P: "Color", "ColorRGB", "Color", "",0.8,0.8,0.8
				P: "ClipIn", "KTime", "Time", "",0
				P: "ClipOut", "KTime", "Time", "",0
				P: "Offset", "KTime", "Time", "",0
				P: "PlaySpeed", "double", "Number", "",0
				P: "FreeRunning", "bool", "", "",0
				P: "Loop", "bool", "", "",0
				P: "Mute", "bool", "", "",0
				P: "AccessMode", "enum", "", "",0
				P: "ImageSequence", "bool", "", "",0
				P: "ImageSequenceOffset", "int", "Integer", "",0
				P: "FrameRate", "double", "Number", "",0
				P: "LastFrame", "int", "Integer", "",0
				P: "Width", "int", "Integer", "",0
				P: "Height", "int", "Integer", "",0
				P: "StartFrame", "int", "Integer", "",0
				P: "StopFrame", "int", "Integer", "",0
				P: "InterlaceMode", "enum", "", "",0
			}
		}
	}
}

; Object properties
;------------------------------------------------------------------

Objects:  {
	Model: 1968159786880, "Model::Bip001", "Root" {
		Version: 232
		Properties70:  {
			P: "PreRotation", "Vector3D", "Vector", "",-90,-0,0
			P: "RotationActive", "bool", "", "",1
			P: "InheritType", "enum", "", "",1
			P: "ScalingMax", "Vector3D", "Vector", "",0,0,0
			P: "Show", "bool", "", "",0
			P: "DefaultAttributeIndex", "int", "Integer", "",0
			P: "LODBox", "bool", "", "",1
			P: "Lcl Translation", "Lcl Translation", "", "A+",-5.56816814878403e-08,59.2049789428711,1.27384841442108
			P: "Lcl Rotation", "Lcl Rotation", "", "A+",2.04729193340349,3.04581583577711,-89.8910923965271
			P: "MaxHandle", "int", "Integer", "UH",26
		}
		Shading: T
		Culling: "CullingOff"
	}
	Model: 1968159791264, "Model::Bip001 Footsteps", "Null" {
		Version: 232
		Properties70:  {
			P: "InheritType", "enum", "", "",1
			P: "ScalingMax", "Vector3D", "Vector", "",0,0,0
			P: "Freeze", "bool", "", "",1
			P: "Lcl Translation", "Lcl Translation", "", "A+",3.14333295822144,-2.11040019989014,-59.0367965698242
			P: "Lcl Rotation", "Lcl Rotation", "", "A+",-3.04969782544876,2.04150142939898,89.8911782105482
			P: "MaxHandle", "int", "Integer", "UH",56
		}
		Shading: T
		Culling: "CullingOff"
	}
	Model: 1968159789072, "Model::Bip001 Pelvis", "LimbNode" {
		Version: 232
		Properties70:  {
			P: "InheritType", "enum", "", "",1
			P: "ScalingMax", "Vector3D", "Vector", "",0,0,0
			P: "DefaultAttributeIndex", "int", "Integer", "",0
			P: "LODBox", "bool", "", "",1
			P: "Lcl Rotation", "Lcl Rotation", "", "A+",-89.99992054569,-89.9999203853214,0
			P: "MaxHandle", "int", "Integer", "UH",27
		}
		Shading: T
		Culling: "CullingOff"
	}
	Model: 1971230118624, "Model::Bip001 Spine", "LimbNode" {
		Version: 232
		Properties70:  {
			P: "InheritType", "enum", "", "",1
			P: "ScalingMax", "Vector3D", "Vector", "",0,0,0
			P: "DefaultAttributeIndex", "int", "Integer", "",0
			P: "LODBox", "bool", "", "",1
			P: "Lcl Translation", "Lcl Translation", "", "A+",13.7545928955078,-0.015100359916687,-0.000830173492431641
			P: "Lcl Rotation", "Lcl Rotation", "", "A+",3.22229191595635,-3.22692777866891,-0.750443130840052
			P: "MaxHandle", "int", "Integer", "UH",28
		}
		Shading: T
		Culling: "CullingOff"
	}
	Model: 1971230112048, "Model::Bip001 Spine1", "LimbNode" {
		Version: 232
		Properties70:  {
			P: "InheritType", "enum", "", "",1
			P: "ScalingMax", "Vector3D", "Vector", "",0,0,0
			P: "DefaultAttributeIndex", "int", "Integer", "",0
			P: "LODBox", "bool", "", "",1
			P: "Lcl Translation", "Lcl Translation", "", "A+",18.9982681274414,-0.0177439451217651,-0.000998377799987793
			P: "Lcl Rotation", "Lcl Rotation", "", "A+",3.22252958720823,-3.22684527266476,-0.796082815022711
			P: "MaxHandle", "int", "Integer", "UH",29
		}
		Shading: T
		Culling: "CullingOff"
	}
	Model: 1971230109856, "Model::Bip001 Neck", "LimbNode" {
		Version: 232
		Properties70:  {
			P: "InheritType", "enum", "", "",1
			P: "ScalingMax", "Vector3D", "Vector", "",0,0,0
			P: "DefaultAttributeIndex", "int", "Integer", "",0
			P: "LODBox", "bool", "", "",1
			P: "Lcl Translation", "Lcl Translation", "", "A+",34.2073287963867,-3.80448007583618,0.00125932693481445
			P: "Lcl Rotation", "Lcl Rotation", "", "A+",-7.01552025010544,2.06873203322781,7.05405173115602
			P: "MaxHandle", "int", "Integer", "UH",47
		}
		Shading: T
		Culling: "CullingOff"
	}
	Model: 1971230131776, "Model::Bip001 L Clavicle", "LimbNode" {
		Version: 232
		Properties70:  {
			P: "InheritType", "enum", "", "",1
			P: "ScalingMax", "Vector3D", "Vector", "",0,0,0
			P: "DefaultAttributeIndex", "int", "Integer", "",0
			P: "LODBox", "bool", "", "",1
			P: "Lcl Translation", "Lcl Translation", "", "A+",0.970924377441406,-4.03485488891602,6.91070079803467
			P: "Lcl Rotation", "Lcl Rotation", "", "A+",-36.226455178098,-72.4387165088392,-152.155397968231
			P: "MaxHandle", "int", "Integer", "UH",38
		}
		Shading: T
		Culling: "CullingOff"
	}
	Model: 1971230114240, "Model::Bip001 L UpperArm", "LimbNode" {
		Version: 232
		Properties70:  {
			P: "InheritType", "enum", "", "",1
			P: "ScalingMax", "Vector3D", "Vector", "",0,0,0
			P: "DefaultAttributeIndex", "int", "Integer", "",0
			P: "LODBox", "bool", "", "",1
			P: "Lcl Translation", "Lcl Translation", "", "A+",12.9212322235107,4.76837158203125e-07,-7.62939453125e-06
			P: "Lcl Rotation", "Lcl Rotation", "", "A+",48.5225379902541,38.2866047765516,14.9769065686534
			P: "MaxHandle", "int", "Integer", "UH",39
		}
		Shading: T
		Culling: "CullingOff"
	}
	Model: 1971230116432, "Model::Bip001 L Forearm", "LimbNode" {
		Version: 232
		Properties70:  {
			P: "RotationActive", "bool", "", "",1
			P: "RotationMinX", "bool", "", "",1
			P: "RotationMinY", "bool", "", "",1
			P: "RotationMaxX", "bool", "", "",1
			P: "RotationMaxY", "bool", "", "",1
			P: "InheritType", "enum", "", "",1
			P: "ScalingMax", "Vector3D", "Vector", "",0,0,0
			P: "DefaultAttributeIndex", "int", "Integer", "",0
			P: "LODBox", "bool", "", "",1
			P: "Lcl Translation", "Lcl Translation", "", "A+",25.9306259155273,0,0
			P: "Lcl Rotation", "Lcl Rotation", "", "A+",-2.56132111628224e-06,-3.41509486161784e-06,-66.9140818994272
			P: "MaxHandle", "int", "Integer", "UH",40
		}
		Shading: T
		Culling: "CullingOff"
	}
	Model: 1971230120816, "Model::Bip001 L Hand", "LimbNode" {
		Version: 232
		Properties70:  {
			P: "InheritType", "enum", "", "",1
			P: "ScalingMax", "Vector3D", "Vector", "",0,0,0
			P: "DefaultAttributeIndex", "int", "Integer", "",0
			P: "LODBox", "bool", "", "",1
			P: "Lcl Translation", "Lcl Translation", "", "A+",16.3623046875,7.62939453125e-06,3.814697265625e-06
			P: "Lcl Rotation", "Lcl Rotation", "", "A+",-130.802951423783,-14.9856840137399,4.26226656045267
			P: "MaxHandle", "int", "Integer", "UH",41
		}
		Shading: T
		Culling: "CullingOff"
	}
	Model: 1971230127392, "Model::Bip001 R Clavicle", "LimbNode" {
		Version: 232
		Properties70:  {
			P: "InheritType", "enum", "", "",1
			P: "ScalingMax", "Vector3D", "Vector", "",0,0,0
			P: "DefaultAttributeIndex", "int", "Integer", "",0
			P: "LODBox", "bool", "", "",1
			P: "Lcl Translation", "Lcl Translation", "", "A+",1.4989013671875,-2.24953460693359,-7.59674263000488
			P: "Lcl Rotation", "Lcl Rotation", "", "A+",-116.148764642683,80.9455893115132,56.4327862460692
			P: "MaxHandle", "int", "Integer", "UH",42
		}
		Shading: T
		Culling: "CullingOff"
	}
	Model: 1971230138352, "Model::Bip001 R UpperArm", "LimbNode" {
		Version: 232
		Properties70:  {
			P: "InheritType", "enum", "", "",1
			P: "ScalingMax", "Vector3D", "Vector", "",0,0,0
			P: "DefaultAttributeIndex", "int", "Integer", "",0
			P: "LODBox", "bool", "", "",1
			P: "Lcl Translation", "Lcl Translation", "", "A+",12.9212341308594,9.5367431640625e-07,0
			P: "Lcl Rotation", "Lcl Rotation", "", "A+",67.3951280957778,4.56973725109395,-36.8660941169602
			P: "MaxHandle", "int", "Integer", "UH",43
		}
		Shading: T
		Culling: "CullingOff"
	}
	Model: 1971230129584, "Model::Bip001 R Forearm", "LimbNode" {
		Version: 232
		Properties70:  {
			P: "RotationActive", "bool", "", "",1
			P: "RotationMinX", "bool", "", "",1
			P: "RotationMinY", "bool", "", "",1
			P: "RotationMaxX", "bool", "", "",1
			P: "RotationMaxY", "bool", "", "",1
			P: "InheritType", "enum", "", "",1
			P: "ScalingMax", "Vector3D", "Vector", "",0,0,0
			P: "DefaultAttributeIndex", "int", "Integer", "",0
			P: "LODBox", "bool", "", "",1
			P: "Lcl Translation", "Lcl Translation", "", "A+",25.9306335449219,7.62939453125e-06,0
			P: "Lcl Rotation", "Lcl Rotation", "", "A+",-1.70754738558985e-06,-6.83018999877683e-06,-97.4429183406907
			P: "MaxHandle", "int", "Integer", "UH",44
		}
		Shading: T
		Culling: "CullingOff"
	}
	Model: 1971230123008, "Model::Bip001 R Hand", "LimbNode" {
		Version: 232
		Properties70:  {
			P: "InheritType", "enum", "", "",1
			P: "ScalingMax", "Vector3D", "Vector", "",0,0,0
			P: "DefaultAttributeIndex", "int", "Integer", "",0
			P: "LODBox", "bool", "", "",1
			P: "Lcl Translation", "Lcl Translation", "", "A+",16.3623046875,0,0
			P: "Lcl Rotation", "Lcl Rotation", "", "A+",89.9543777407832,-1.70754742333612e-06,-16.6855741152122
			P: "MaxHandle", "int", "Integer", "UH",45
		}
		Shading: T
		Culling: "CullingOff"
	}
	Model: 1971230125200, "Model::Bip001 Head", "LimbNode" {
		Version: 232
		Properties70:  {
			P: "InheritType", "enum", "", "",1
			P: "ScalingMax", "Vector3D", "Vector", "",0,0,0
			P: "DefaultAttributeIndex", "int", "Integer", "",0
			P: "LODBox", "bool", "", "",1
			P: "Lcl Translation", "Lcl Translation", "", "A+",12.6186828613281,-3.12172698974609,-4.29153442382812e-06
			P: "Lcl Rotation", "Lcl Rotation", "", "A+",-7.00897148412481,8.50844132812206,16.8091928328587
			P: "MaxHandle", "int", "Integer", "UH",46
		}
		Shading: T
		Culling: "CullingOff"
	}
	Model: 1971230133968, "Model::Bip001 HeadNub", "LimbNode" {
		Version: 232
		Properties70:  {
			P: "InheritType", "enum", "", "",1
			P: "ScalingMax", "Vector3D", "Vector", "",0,0,0
			P: "Show", "bool", "", "",0
			P: "DefaultAttributeIndex", "int", "Integer", "",0
			P: "Lcl Translation", "Lcl Translation", "", "A+",35.8408737182617,3.814697265625e-06,0
			P: "Lcl Rotation", "Lcl Rotation", "", "A+",6.9369108757942e-07,-0,-1.70754729250319e-06
			P: "MaxHandle", "int", "Integer", "UH",61
		}
		Shading: T
		Culling: "CullingOff"
	}
	Model: 1971230136160, "Model::Mustache_R", "LimbNode" {
		Version: 232
		Properties70:  {
			P: "InheritType", "enum", "", "",1
			P: "ScalingMax", "Vector3D", "Vector", "",0,0,0
			P: "DefaultAttributeIndex", "int", "Integer", "",0
			P: "LODBox", "bool", "", "",1
			P: "Lcl Translation", "Lcl Translation", "", "A+",12.348258972168,20.6223678588867,-2.12959694862366
			P: "Lcl Rotation", "Lcl Rotation", "", "A+",89.9992619100458,36.0659474425941,176.064581599315
			P: "MaxHandle", "int", "Integer", "UH",62
		}
		Shading: T
		Culling: "CullingOff"
	}
	Model: 1971227280624, "Model::Mustache_L", "LimbNode" {
		Version: 232
		Properties70:  {
			P: "InheritType", "enum", "", "",1
			P: "ScalingMax", "Vector3D", "Vector", "",0,0,0
			P: "DefaultAttributeIndex", "int", "Integer", "",0
			P: "LODBox", "bool", "", "",1
			P: "Lcl Translation", "Lcl Translation", "", "A+",12.348258972168,20.6223602294922,1.71829128265381
			P: "Lcl Rotation", "Lcl Rotation", "", "A+",-89.9995625983078,-36.0659897624318,176.064869157723
			P: "MaxHandle", "int", "Integer", "UH",90
		}
		Shading: T
		Culling: "CullingOff"
	}
	Model: 1971227282816, "Model::Bip001 L Thigh", "LimbNode" {
		Version: 232
		Properties70:  {
			P: "InheritType", "enum", "", "",1
			P: "ScalingMax", "Vector3D", "Vector", "",0,0,0
			P: "DefaultAttributeIndex", "int", "Integer", "",0
			P: "LODBox", "bool", "", "",1
			P: "Lcl Translation", "Lcl Translation", "", "A+",-12.8259124755859,0.78192675113678,16.8246917724609
			P: "Lcl Rotation", "Lcl Rotation", "", "A+",-177.023018713624,2.7430515407104,178.470210000537
			P: "MaxHandle", "int", "Integer", "UH",32
		}
		Shading: T
		Culling: "CullingOff"
	}
	Model: 1971227285008, "Model::Bip001 L Calf", "LimbNode" {
		Version: 232
		Properties70:  {
			P: "RotationActive", "bool", "", "",1
			P: "RotationMinX", "bool", "", "",1
			P: "RotationMinY", "bool", "", "",1
			P: "RotationMaxX", "bool", "", "",1
			P: "RotationMaxY", "bool", "", "",1
			P: "InheritType", "enum", "", "",1
			P: "ScalingMax", "Vector3D", "Vector", "",0,0,0
			P: "DefaultAttributeIndex", "int", "Integer", "",0
			P: "LODBox", "bool", "", "",1
			P: "Lcl Translation", "Lcl Translation", "", "A+",23.5006065368652,-1.19209289550781e-07,9.5367431640625e-07
			P: "Lcl Rotation", "Lcl Rotation", "", "A+",2.66804262926223e-08,4.26886846302701e-07,-4.76719884637573
			P: "MaxHandle", "int", "Integer", "UH",33
		}
		Shading: T
		Culling: "CullingOff"
	}
	Model: 1971227274048, "Model::Bip001 L Foot", "LimbNode" {
		Version: 232
		Properties70:  {
			P: "InheritType", "enum", "", "",1
			P: "ScalingMax", "Vector3D", "Vector", "",0,0,0
			P: "DefaultAttributeIndex", "int", "Integer", "",0
			P: "LODBox", "bool", "", "",1
			P: "Lcl Translation", "Lcl Translation", "", "A+",17.9892024993896,2.38418579101562e-07,9.5367431640625e-07
			P: "Lcl Rotation", "Lcl Rotation", "", "A+",0.406056581314756,3.82973854236311,5.39974991959049
			P: "MaxHandle", "int", "Integer", "UH",34
		}
		Shading: T
		Culling: "CullingOff"
	}
	Model: 1971227287200, "Model::Bip001 L Toe0", "LimbNode" {
		Version: 232
		Properties70:  {
			P: "InheritType", "enum", "", "",1
			P: "ScalingMax", "Vector3D", "Vector", "",0,0,0
			P: "DefaultAttributeIndex", "int", "Integer", "",0
			P: "LODBox", "bool", "", "",1
			P: "Lcl Translation", "Lcl Translation", "", "A+",18.4159603118896,8.25320434570312,0
			P: "Lcl Rotation", "Lcl Rotation", "", "A+",2.50447277304466e-06,-6.53407687181501e-12,90.0000068301843
			P: "MaxHandle", "int", "Integer", "UH",50
		}
		Shading: T
		Culling: "CullingOff"
	}
	Model: 1971227269664, "Model::Bip001 L Toe0Nub", "LimbNode" {
		Version: 232
		Properties70:  {
			P: "InheritType", "enum", "", "",1
			P: "ScalingMax", "Vector3D", "Vector", "",0,0,0
			P: "Show", "bool", "", "",0
			P: "DefaultAttributeIndex", "int", "Integer", "",0
			P: "Lcl Translation", "Lcl Translation", "", "A+",11.4633178710938,0,9.5367431640625e-07
			P: "Lcl Rotation", "Lcl Rotation", "", "A+",-0,6.41497418407476e-12,180
			P: "Lcl Scaling", "Lcl Scaling", "", "A+",-1,-1,-1
			P: "MaxHandle", "int", "Integer", "UH",60
		}
		Shading: T
		Culling: "CullingOff"
	}
	Model: 1971227289392, "Model::Bip001 R Thigh", "LimbNode" {
		Version: 232
		Properties70:  {
			P: "InheritType", "enum", "", "",1
			P: "ScalingMax", "Vector3D", "Vector", "",0,0,0
			P: "DefaultAttributeIndex", "int", "Integer", "",0
			P: "LODBox", "bool", "", "",1
			P: "Lcl Translation", "Lcl Translation", "", "A+",-14.6375923156738,-1.024369597435,-15.2585287094116
			P: "Lcl Rotation", "Lcl Rotation", "", "A+",-175.752160285453,-4.37117308080335,168.188951389587
			P: "MaxHandle", "int", "Integer", "UH",35
		}
		Shading: T
		Culling: "CullingOff"
	}
	Model: 1971227291584, "Model::Bip001 R Calf", "LimbNode" {
		Version: 232
		Properties70:  {
			P: "RotationActive", "bool", "", "",1
			P: "RotationMinX", "bool", "", "",1
			P: "RotationMinY", "bool", "", "",1
			P: "RotationMaxX", "bool", "", "",1
			P: "RotationMaxY", "bool", "", "",1
			P: "InheritType", "enum", "", "",1
			P: "ScalingMax", "Vector3D", "Vector", "",0,0,0
			P: "DefaultAttributeIndex", "int", "Integer", "",0
			P: "LODBox", "bool", "", "",1
			P: "Lcl Translation", "Lcl Translation", "", "A+",23.5006065368652,9.5367431640625e-07,0
			P: "Lcl Rotation", "Lcl Rotation", "", "A+",-3.2016512231748e-07,4.26886841561218e-07,-27.6413482504311
			P: "MaxHandle", "int", "Integer", "UH",36
		}
		Shading: T
		Culling: "CullingOff"
	}
	Model: 1971227271856, "Model::Bip001 R Foot", "LimbNode" {
		Version: 232
		Properties70:  {
			P: "InheritType", "enum", "", "",1
			P: "ScalingMax", "Vector3D", "Vector", "",0,0,0
			P: "DefaultAttributeIndex", "int", "Integer", "",0
			P: "LODBox", "bool", "", "",1
			P: "Lcl Translation", "Lcl Translation", "", "A+",17.9892063140869,-1.9073486328125e-06,9.5367431640625e-07
			P: "Lcl Rotation", "Lcl Rotation", "", "A+",-0.131943152255305,-3.95209387477809,18.4397741636678
			P: "MaxHandle", "int", "Integer", "UH",37
		}
		Shading: T
		Culling: "CullingOff"
	}
	Model: 1971227295968, "Model::Bip001 R Toe0", "LimbNode" {
		Version: 232
		Properties70:  {
			P: "InheritType", "enum", "", "",1
			P: "ScalingMax", "Vector3D", "Vector", "",0,0,0
			P: "DefaultAttributeIndex", "int", "Integer", "",0
			P: "LODBox", "bool", "", "",1
			P: "Lcl Translation", "Lcl Translation", "", "A+",18.4159603118896,8.25320434570312,0
			P: "Lcl Rotation", "Lcl Rotation", "", "A+",-2.50448295081964e-06,-6.53407687181501e-12,90.0000068301851
			P: "MaxHandle", "int", "Integer", "UH",53
		}
		Shading: T
		Culling: "CullingOff"
	}
	Model: 1971227293776, "Model::Bip001 R Toe0Nub", "LimbNode" {
		Version: 232
		Properties70:  {
			P: "InheritType", "enum", "", "",1
			P: "ScalingMax", "Vector3D", "Vector", "",0,0,0
			P: "Show", "bool", "", "",0
			P: "DefaultAttributeIndex", "int", "Integer", "",0
			P: "Lcl Translation", "Lcl Translation", "", "A+",11.4633178710938,0,9.5367431640625e-07
			P: "Lcl Rotation", "Lcl Rotation", "", "A+",2.03555499613665e-13,-6.65317994780666e-12,-2.03555499613665e-13
			P: "MaxHandle", "int", "Integer", "UH",59
		}
		Shading: T
		Culling: "CullingOff"
	}
	Model: 1971227298160, "Model::mustache", "Mesh" {
		Version: 232
		Properties70:  {
			P: "PreRotation", "Vector3D", "Vector", "",-90,-0,0
			P: "RotationActive", "bool", "", "",1
			P: "InheritType", "enum", "", "",1
			P: "ScalingMax", "Vector3D", "Vector", "",0,0,0
			P: "DefaultAttributeIndex", "int", "Integer", "",0
			P: "Lcl Translation", "Lcl Translation", "", "A",0,151.908233642578,13.1544313430786
			P: "UDP3DSMAX", "KString", "", "U", "MapChannel:1 = UVChannel_1&cr;&lf;"
			P: "MaxHandle", "int", "Integer", "UH",76
		}
		Shading: T
		Culling: "CullingOff"
	}
	Model: 1971227276240, "Model::Doctor", "Mesh" {
		Version: 232
		Properties70:  {
			P: "PreRotation", "Vector3D", "Vector", "",-90,-0,0
			P: "RotationActive", "bool", "", "",1
			P: "InheritType", "enum", "", "",1
			P: "ScalingMax", "Vector3D", "Vector", "",0,0,0
			P: "DefaultAttributeIndex", "int", "Integer", "",0
			P: "UDP3DSMAX", "KString", "", "U", "MapChannel:1 = UVChannel_1&cr;&lf;"
			P: "MaxHandle", "int", "Integer", "UH",78
		}
		Shading: T
		Culling: "CullingOff"
	}
	Model: 1971227278432, "Model::Eyes", "Mesh" {
		Version: 232
		Properties70:  {
			P: "PreRotation", "Vector3D", "Vector", "",-90,-0,0
			P: "RotationActive", "bool", "", "",1
			P: "InheritType", "enum", "", "",1
			P: "ScalingMax", "Vector3D", "Vector", "",0,0,0
			P: "DefaultAttributeIndex", "int", "Integer", "",0
			P: "Lcl Translation", "Lcl Translation", "", "A",0,160.394424438477,10.3507251739502
			P: "UDP3DSMAX", "KString", "", "U", "MapChannel:1 = UVChannel_1&cr;&lf;"
			P: "MaxHandle", "int", "Integer", "UH",81
		}
		Shading: T
		Culling: "CullingOff"
	}
	Pose: 1971230186288, "Pose::BIND_POSES", "BindPose" {
		Type: "BindPose"
		Version: 100
		NbPoseNodes: 27
		PoseNode:  {
			Node: 1968159786880
			Matrix: *16 {
				a: 1.37090682983398e-06,0,0.999999940395355,0,0.999999940395355,0,-1.37090682983398e-06,0,0,1,0,0,0,59.8536186218262,-3.00380662565658e-08,1
			} 
		}
		PoseNode:  {
			Node: 1968159789072
			Matrix: *16 {
				a: -1.38680002237379e-06,1,3.82438828869236e-12,0,2.75770685220778e-06,0,0.999999940395355,0,0.999999940395355,1.38680013606063e-06,-2.75770685220778e-06,0,0,59.8536186218262,-3.00380662565658e-08,1
			} 
		}
		PoseNode:  {
			Node: 1971230118624
			Matrix: *16 {
				a: 1.09161790717849e-09,0.999999701976776,0.000796317937783897,0,-1.40269366966095e-06,-0.000796317995991558,0.999999642372131,0,0.999999940395355,-2.20860774113874e-09,1.4026923054189e-06,0,-2.07391899209597e-08,73.6083679199219,-0.0151249906048179,1
			} 
		}
		PoseNode:  {
			Node: 1971230112048
			Matrix: *16 {
				a: 1.09161790717849e-09,0.999999701976776,0.000796317937783897,0,-1.40269366966095e-06,-0.000796317995991558,0.999999642372131,0,0.999999940395355,-2.20860774113874e-09,1.4026923054189e-06,0,-2.43662086063523e-08,92.6068420410156,-0.017769867554307,1
			} 
		}
		PoseNode:  {
			Node: 1971230109856
			Matrix: *16 {
				a: 1.6944568415056e-07,0.992331981658936,0.123601205646992,0,-1.41320538205036e-06,-0.123601213097572,0.992331922054291,0,0.999999940395355,-3.42820271725941e-07,1.38142513605999e-06,0,1.51348103827331e-07,126.817138671875,-3.79509139060974,1
			} 
		}
		PoseNode:  {
			Node: 1971230131776
			Matrix: *16 {
				a: 0.817653357982635,-0.574443101882935,0.0381844155490398,0,0.0466491654515266,7.88407916729739e-09,-0.998911261558533,0,0.573817670345306,0.818544566631317,0.0267973002046347,0,7.31319904327393,128.434020996094,-6.77862501144409,1
			} 
		}
		PoseNode:  {
			Node: 1971230114240
			Matrix: *16 {
				a: 0.801963686943054,-0.596545457839966,-0.0314279869198799,0,0.022691523656249,0.0829932168126106,-0.996291756629944,0,0.596941530704498,0.798276782035828,0.080094076693058,0,17.8782863616943,121.011512756348,-6.28523540496826,1
			} 
		}
		PoseNode:  {
			Node: 1971230116432
			Matrix: *16 {
				a: 0.801120340824127,-0.598473906517029,-0.0059225857257843,0,0.0432063490152359,0.0677004382014275,-0.996769666671753,0,0.596941530704498,0.798276782035828,0.080094076693058,0,38.6737098693848,105.542709350586,-7.10018253326416,1
			} 
		}
		PoseNode:  {
			Node: 1971230120816
			Matrix: *16 {
				a: 0.801116228103638,-0.598480343818665,-0.00582780316472054,0,-0.596906900405884,-0.798222661018372,-0.0808877572417259,0,0.0437578447163105,0.0682791545987129,-0.996706128120422,0,51.7818908691406,95.7502975463867,-7.19709014892578,1
			} 
		}
		PoseNode:  {
			Node: 1971230127392
			Matrix: *16 {
				a: -0.817653238773346,-0.574443101882935,0.0381866581737995,0,-0.0466519072651863,7.88407206187003e-09,-0.998911142349243,0,0.573817551136017,-0.818544566631317,-0.0267988722771406,0,-7.31321716308594,128.434020996094,-6.77860498428345,1
			} 
		}
		PoseNode:  {
			Node: 1971230138352
			Matrix: *16 {
				a: -0.801963806152344,-0.596545457839966,-0.0314257889986038,0,-0.0226942542940378,0.0829932168126106,-0.996291637420654,0,0.596941292285919,-0.798276782035828,-0.0800957158207893,0,-17.8783054351807,121.011512756348,-6.28518676757812,1
			} 
		}
		PoseNode:  {
			Node: 1971230129584
			Matrix: *16 {
				a: -0.801120340824127,-0.598473906517029,-0.00592038966715336,0,-0.043209083378315,0.0677004382014275,-0.996769547462463,0,0.596941292285919,-0.798276782035828,-0.0800957158207893,0,-38.6737327575684,105.542709350586,-7.1000771522522,1
			} 
		}
		PoseNode:  {
			Node: 1971230123008
			Matrix: *16 {
				a: -0.801116228103638,-0.598480343818665,-0.00582560710608959,0,0.596906661987305,-0.798222661018372,-0.0808893963694572,0,0.0437605790793896,-0.0682791545987129,0.996706008911133,0,-51.7819061279297,95.7502975463867,-7.19694852828979,1
			} 
		}
		PoseNode:  {
			Node: 1971230125200
			Matrix: *16 {
				a: 9.40736910592932e-08,0.997642993927002,0.0686187371611595,0,-1.40592453590216e-06,-0.0686187446117401,0.997642934322357,0,0.999999940395355,-1.90324755067195e-07,1.39615553962358e-06,0,2.49292725129635e-06,139.72492980957,-5.33319282531738,1
			} 
		}
		PoseNode:  {
			Node: 1971230136160
			Matrix: *16 {
				a: -0.869633257389069,-0.493698626756668,5.35324215888977e-06,0,0.493698537349701,-0.869633257389069,-6.03395562848164e-07,0,4.95417043566704e-06,2.11619772017002e-06,1.00000011920929,0,-1.0907621383667,152.259857177734,15.0854053497314,1
			} 
		}
		PoseNode:  {
			Node: 1971227280624
			Matrix: *16 {
				a: 0.869633257389069,-0.493698298931122,5.2647665143013e-06,0,-0.493698269128799,-0.869633257389069,-1.1881347745657e-06,0,5.16697764396667e-06,-1.56275928020477e-06,-1,0,1.00193727016449,152.259872436523,15.0854072570801,1
			} 
		}
		PoseNode:  {
			Node: 1971227282816
			Matrix: *16 {
				a: -0.0672397762537003,-0.99762499332428,-0.014941637404263,0,5.8239955251338e-05,-0.0149794546887279,0.999887764453888,0,-0.997736811637878,0.0672313794493675,0.00106531684286892,0,16.0925273895264,59.8536186218262,-1.94751119124703e-05,1
			} 
		}
		PoseNode:  {
			Node: 1971227285008
			Matrix: *16 {
				a: -0.0672397613525391,-0.997595906257629,-0.0167684033513069,0,-6.46070402581245e-05,-0.0168020892888308,0.999858796596527,0,-0.997736811637878,0.0672313794493675,0.00106531684286892,0,14.5123519897461,36.4088287353516,-0.351156979799271,1
			} 
		}
		PoseNode:  {
			Node: 1971227274048
			Matrix: *16 {
				a: 0,-1,-4.37113882867379e-08,0,1.37090682983398e-06,-4.37113847340243e-08,0.999999940395355,0,-0.999999940395355,-5.99242403202978e-14,1.37090682983398e-06,0,13.3027620315552,18.4628715515137,-0.652807235717773,1
			} 
		}
		PoseNode:  {
			Node: 1971227287200
			Matrix: *16 {
				a: 1.37090682983398e-06,-4.37113847340243e-08,0.999999940395355,0,-4.37113882867379e-08,1,4.37114486828705e-08,0,-0.999999940395355,-4.37114522355841e-08,1.37090682983398e-06,0,13.302773475647,0.0469109080731869,7.60039615631104,1
			} 
		}
		PoseNode:  {
			Node: 1971227289392
			Matrix: *16 {
				a: 0.0672395676374435,-0.99762499332428,-0.0149418218061328,0,-5.55010665266309e-05,-0.0149794546887279,0.999887764453888,0,-0.997736811637878,-0.0672312006354332,-0.00106258131563663,0,-16.0925273895264,59.8536186218262,2.46476047323085e-05,1
			} 
		}
		PoseNode:  {
			Node: 1971227291584
			Matrix: *16 {
				a: 0.0672395378351212,-0.997595906257629,-0.0167685858905315,0,6.73455360811204e-05,-0.0168020892888308,0.999858796596527,0,-0.997736811637878,-0.0672312006354332,-0.00106258131563663,0,-14.5123567581177,36.4088287353516,-0.351117223501205,1
			} 
		}
		PoseNode:  {
			Node: 1971227271856
			Matrix: *16 {
				a: 0,-1,-4.37113882867379e-08,0,1.37090682983398e-06,-4.37113847340243e-08,0.999999940395355,0,-0.999999940395355,-5.99242403202978e-14,1.37090682983398e-06,0,-13.302770614624,18.4628715515137,-0.652770698070526,1
			} 
		}
		PoseNode:  {
			Node: 1971227295968
			Matrix: *16 {
				a: 1.37090682983398e-06,-4.37113882867379e-08,0.999999940395355,0,4.37113847340243e-08,1,4.37113314433191e-08,0,-0.999999940395355,4.37113278906054e-08,1.37090682983398e-06,0,-13.3027591705322,0.0469109080731869,7.60043239593506,1
			} 
		}
		PoseNode:  {
			Node: 1971227298160
			Matrix: *16 {
				a: 1,0,0,0,0,0,-1,0,0,1,0,0,0,151.908233642578,13.1544313430786,1
			} 
		}
		PoseNode:  {
			Node: 1971227276240
			Matrix: *16 {
				a: 1,0,0,0,0,0,-1,0,0,1,0,0,0,0,0,1
			} 
		}
		PoseNode:  {
			Node: 1971227278432
			Matrix: *16 {
				a: 1,0,0,0,0,0,-1,0,0,1,0,0,0,160.394424438477,10.3507251739502,1
			} 
		}
	}
	Material: 1971225285360, "Material::02 - Default", "" {
		Version: 102
		ShadingModel: "unknown"
		MultiLayer: 0
		Properties70:  {
			P: "ShadingModel", "KString", "", "", "unknown"
			P: "AmbientColor", "ColorRGB", "Color", "",0.5,0.5,0.5
			P: "DiffuseColor", "ColorRGB", "Color", "",0.5,0.5,0.5
			P: "SpecularColor", "ColorRGB", "Color", "",1,1,1
			P: "SpecularFactor", "double", "Number", "",2
			P: "ShininessExponent", "double", "Number", "",1024
			P: "TransparencyFactor", "double", "Number", "",0
			P: "EmissiveColor", "ColorRGB", "Color", "",0,0,0
			P: "EmissiveFactor", "double", "Number", "",0
			P: "3dsMax", "Compound", "", ""
			P: "3dsMax|ClassIDa", "int", "Integer", "",1030429932
			P: "3dsMax|ClassIDb", "int", "Integer", "",-559038463
			P: "3dsMax|SuperClassID", "int", "Integer", "",3072
			P: "3dsMax|Parameters", "Compound", "", ""
			P: "3dsMax|ORIGINAL_MTL", "KString", "", "", "PHYSICAL_MTL"
			P: "3dsMax|Parameters|material_mode", "Integer", "", "A",0
			P: "3dsMax|Parameters|base_weight", "Float", "", "A",1
			P: "3dsMax|Parameters|base_color", "ColorAndAlpha", "", "A",0.5,0.5,0.5,1
			P: "3dsMax|Parameters|reflectivity", "Float", "", "A",1
			P: "3dsMax|Parameters|roughness", "Float", "", "A",0
			P: "3dsMax|Parameters|roughness_inv", "Bool", "", "A",0
			P: "3dsMax|Parameters|metalness", "Float", "", "A",0
			P: "3dsMax|Parameters|refl_color", "ColorAndAlpha", "", "A",1,1,1,1
			P: "3dsMax|Parameters|diff_roughness", "Float", "", "A",0
			P: "3dsMax|Parameters|brdf_mode", "Bool", "", "A",1
			P: "3dsMax|Parameters|brdf_low", "Float", "", "A",0.05
			P: "3dsMax|Parameters|brdf_high", "Float", "", "A",1
			P: "3dsMax|Parameters|brdf_curve", "Float", "", "A",5
			P: "3dsMax|Parameters|anisotropy", "Float", "", "A",0
			P: "3dsMax|Parameters|anisoangle", "Float", "", "A",0.25
			P: "3dsMax|Parameters|aniso_mode", "Integer", "", "A",0
			P: "3dsMax|Parameters|aniso_channel", "Integer", "", "A",0
			P: "3dsMax|Parameters|transparency", "Float", "", "A",0
			P: "3dsMax|Parameters|trans_color", "ColorAndAlpha", "", "A",1,1,1,1
			P: "3dsMax|Parameters|trans_depth", "Float", "", "A",0
			P: "3dsMax|Parameters|trans_roughness", "Float", "", "A",0
			P: "3dsMax|Parameters|trans_roughness_inv", "Bool", "", "A",0
			P: "3dsMax|Parameters|trans_roughness_lock", "Bool", "", "A",1
			P: "3dsMax|Parameters|trans_ior", "Float", "", "A",1.52
